0 0.555941 0.760031 0.0192901 0.0221193 0.514208
0 0.179784 0.544753 0.0239198 0.0246914 0.535519
0 0.00636574 0.315329 0.0127315 0.0288066 0.595522
0 0.917438 0.444187 0.0216049 0.0252058 0.616299
0 0.674961 0.199074 0.027392 0.0298354 0.669462
0 0.413194 0.744599 0.0285494 0.0282922 0.670651
0 0.814043 0.882716 0.0401235 0.0401235 0.691064
0 0.691744 0.812243 0.0270062 0.031893 0.697206
0 0.415316 0.777006 0.0335648 0.0354938 0.705704
0 0.288966 0.533179 0.0300926 0.024177 0.71611
0 0.509452 0.630916 0.027392 0.0303498 0.721576
0 0.163194 0.784722 0.0169753 0.0324074 0.721786
0 0.468171 0.710134 0.0219907 0.0252058 0.724628
0 0.813465 0.520576 0.0258488 0.0226337 0.733702
0 0.347222 0.393261 0.0239198 0.0303498 0.75603
0 0.56848 0.796296 0.0173611 0.0257202 0.757863
0 0.615548 0.671553 0.0196759 0.0252058 0.758355
0 0.672454 0.167438 0.0239198 0.0282922 0.760171
0 0.292824 0.78215 0.0270062 0.0375514 0.76192
0 0.280671 0.498457 0.0196759 0.0246914 0.766807
0 0.631173 0.895062 0.0192901 0.0360082 0.768306
0 0.72608 0.356224 0.025463 0.0210905 0.774683
0 0.353588 0.220165 0.0173611 0.0411523 0.790154
0 0.594715 0.596451 0.0173611 0.0262346 0.791417
0 0.453897 0.397634 0.023534 0.0349794 0.795477
0 0.177276 0.244599 0.0243056 0.029321 0.800342
0 0.413966 0.359825 0.029321 0.0282922 0.801608
0 0.545525 0.796811 0.0216049 0.026749 0.802775
0 0.659722 0.460391 0.0192901 0.0288066 0.804169
0 0.590085 0.219393 0.0204475 0.0282922 0.814866
0 0.628472 0.597222 0.0208333 0.0298354 0.826712
0 0.620949 0.0640432 0.0219907 0.029321 0.83028
0 0.462384 0.262088 0.027392 0.0313786 0.833089
0 0.407022 0.55427 0.0223765 0.029321 0.868703
