0 0.207755 0.450103 0.0297068 0.0380658 0.567159
0 0.350694 0.989712 0.0300926 0.0205761 0.592039
0 0.914159 0.226337 0.0297068 0.0288066 0.613707
0 0.244406 0.934414 0.027392 0.0385802 0.638148
0 0.0825617 0.925669 0.025463 0.0324074 0.686348
0 0.923418 0.67284 0.0289352 0.031893 0.69066
0 0.904707 0.72428 0.0270062 0.0380658 0.69939
0 0.409915 0.494342 0.0250772 0.0277778 0.722039
0 0.312693 0.313014 0.0381944 0.0426955 0.725736
0 0.870563 0.859053 0.0320216 0.0277778 0.73079
0 0.68615 0.603138 0.0266204 0.0334362 0.735941
0 0.30517 0.958848 0.0216049 0.0329218 0.739727
0 0.121142 0.519033 0.025463 0.0308642 0.748918
0 0.948302 0.0864198 0.0239198 0.0462963 0.756469
0 0.765818 0.911265 0.0277778 0.0447531 0.762971
0 0.541667 0.563272 0.0246914 0.0339506 0.778374
0 0.835455 0.678498 0.023534 0.0339506 0.782084
0 0.139468 0.430298 0.0227623 0.0262346 0.785109
0 0.135417 0.382716 0.0262346 0.0298354 0.792466
0 0.32581 0.707562 0.0243056 0.0313786 0.800741
0 0.713542 0.930298 0.0297068 0.0324074 0.804439
0 0.546682 0.524949 0.0300926 0.0324074 0.807743
0 0.964892 0.621142 0.0246914 0.0385802 0.814486
0 0.819444 0.122428 0.0200617 0.0308642 0.818855
0 0.183449 0.68287 0.0281636 0.0447531 0.836736
0 0.534722 0.731481 0.0308642 0.037037 0.891081
