0 0.919753 0.444444 0.0223765 0.031893 0.573473
0 0.93152 0.138632 0.0204475 0.0272634 0.635798
0 0.692515 0.678498 0.0146605 0.0236626 0.641053
0 0.38831 0.0236626 0.0266204 0.0360082 0.647133
0 0.664738 0.71785 0.0277778 0.0354938 0.714969
0 0.419367 0.370885 0.0169753 0.0236626 0.721541
0 0.334684 0.00951646 0.0227623 0.0180041 0.724484
0 0.703704 0.60571 0.0223765 0.0282922 0.74216
0 0.97936 0.441872 0.0258488 0.031893 0.758604
0 0.023534 0.231996 0.0262346 0.0360082 0.763668
0 0.272377 0.964763 0.0246914 0.029321 0.763681
0 0.988812 0.830247 0.0223765 0.0442387 0.765433
0 0.508488 0.121399 0.0208333 0.0308642 0.771434
0 0.541281 0.820216 0.0262346 0.024177 0.772456
0 0.572917 0.168981 0.029321 0.0262346 0.778825
0 0.297839 0.408436 0.0200617 0.0421811 0.78388
0 0.52662 0.373971 0.0239198 0.0298354 0.788026
0 0.651042 0.38143 0.0266204 0.0252058 0.788453
0 0.828704 0.626029 0.0270062 0.037037 0.795444
0 0.67689 0.547068 0.0289352 0.0313786 0.796288
0 0.159144 0.810185 0.0243056 0.026749 0.800709
0 0.427855 0.671296 0.0262346 0.0277778 0.807944
0 0.809028 0.713735 0.0277778 0.0426955 0.827508
0 0.428048 0.337706 0.0304784 0.0252058 0.828426
0 0.398727 0.882459 0.0250772 0.0375514 0.830587
0 0.635031 0.441615 0.025463 0.034465 0.833921
0 0.374614 0.636317 0.0231481 0.0349794 0.84149
0 0.264661 0.714249 0.0239198 0.0313786 0.842066
