0 0.358796 0.64892 0.0362654 0.0262346 0.555451
0 0.0565201 0.67644 0.0266204 0.0339506 0.65537
0 0.348573 0.438529 0.023534 0.0252058 0.676688
0 0.54919 0.584105 0.0266204 0.0272634 0.677415
0 0.41223 0.200874 0.023534 0.0272634 0.680697
0 0.672454 0.914095 0.025463 0.0205761 0.695865
0 0.905864 0.149691 0.0185185 0.0288066 0.709135
0 0.0258488 0.150977 0.0223765 0.0324074 0.710385
0 0.799576 0.47428 0.023534 0.0329218 0.713494
0 0.060571 0.315329 0.0208333 0.0308642 0.717149
0 0.89429 0.334877 0.0177469 0.0308642 0.733679
0 0.756559 0.844907 0.0239198 0.0365226 0.748528
0 0.0553627 0.834362 0.0227623 0.0360082 0.750108
0 0.882716 0.21322 0.0200617 0.0313786 0.754686
0 0.0358796 0.495113 0.0239198 0.0282922 0.761343
0 0.223573 0.12037 0.0158179 0.0298354 0.763919
0 0.333333 0.768519 0.0246914 0.0298354 0.77668
0 0.720872 0.653035 0.0212191 0.0354938 0.780848
0 0.509645 0.434671 0.0185185 0.0257202 0.781391
0 0.646412 0.436986 0.0204475 0.0396091 0.785559
0 0.469714 0.0702161 0.0204475 0.0354938 0.793048
0 0.60841 0.717078 0.0185185 0.0288066 0.793139
0 0.72608 0.255401 0.0231481 0.0252058 0.796265
0 0.590278 0.578961 0.0154321 0.0354938 0.813302
0 0.773341 0.423611 0.0243056 0.0313786 0.815773
0 0.390625 0.795267 0.0219907 0.0308642 0.816402
0 0.364969 0.455761 0.0239198 0.026749 0.823081
0 0.376157 0.213992 0.0162037 0.0277778 0.829182
0 0.532793 0.444444 0.0200617 0.0308642 0.836151
0 0.889853 0.953961 0.0227623 0.0457819 0.836195
0 0.460455 0.273405 0.0304784 0.029321 0.840061
