0 0.25733 0.44213 0.0108025 0.0149177 0.54587
0 0.73669 0.42927 0.0219907 0.0190329 0.549217
0 0.452546 0.628601 0.0516975 0.0679012 0.708855
0 0.14564 0.985082 0.0258488 0.0298354 0.722774
0 0.862461 0.534208 0.023534 0.0396091 0.723995
0 0.991319 0.175669 0.0173611 0.0282922 0.724455
0 0.446566 0.0815329 0.0181327 0.0221193 0.730608
0 0.500386 0.977366 0.025463 0.0329218 0.736744
0 0.913002 0.926698 0.03125 0.0365226 0.749643
0 0.452739 0.12037 0.0281636 0.031893 0.775233
0 0.442901 0.761831 0.0200617 0.0308642 0.802609
0 0.217785 0.852623 0.0196759 0.0375514 0.803416
0 0.749807 0.213477 0.0243056 0.031893 0.811301
0 0.198302 0.144547 0.0208333 0.0411523 0.823179
0 0.576968 0.147377 0.0219907 0.0354938 0.826942
0 0.889275 0.712706 0.0300926 0.0457819 0.827909
