0 0.995563 0.168724 0.00887346 0.037037 0.528607
0 0.717978 0.225051 0.0239198 0.0303498 0.792206
0 0.425733 0.335648 0.0281636 0.0354938 0.794615
0 0.282793 0.0769033 0.0262346 0.0324074 0.810118
0 0.698688 0.504115 0.0231481 0.0308642 0.813739
0 0.939429 0.314558 0.0308642 0.0375514 0.820305
0 0.899691 0.794753 0.0300926 0.0349794 0.832224
0 0.536458 0.399177 0.0243056 0.0339506 0.83373
0 0.458333 0.577418 0.0239198 0.0365226 0.844298
0 0.41821 0.522119 0.0231481 0.0308642 0.844775
0 0.358603 0.620113 0.0258488 0.0375514 0.85649
0 0.607639 0.353652 0.0378086 0.0478395 0.86993
0 0.734954 0.447788 0.0401235 0.0396091 0.886822
