0 0.329282 0.719907 0.0227623 0.0324074 0.631981
0 0.463542 0.985597 0.023534 0.0288066 0.66584
0 0.374228 0.692387 0.0262346 0.0329218 0.678511
0 0.663773 0.380658 0.0158179 0.0205761 0.718435
0 0.400463 0.760802 0.0192901 0.037037 0.733549
0 0.400656 0.886574 0.0266204 0.0324074 0.740095
0 0.55054 0.119599 0.0277778 0.0334362 0.767904
0 0.731096 0.232767 0.0231481 0.0437243 0.772463
0 0.567708 0.266718 0.0196759 0.0252058 0.77325
0 0.510224 0.471451 0.027392 0.0385802 0.785518
0 0.601659 0.923354 0.0297068 0.0349794 0.786523
0 0.709491 0.677469 0.025463 0.0390946 0.787112
0 0.017554 0.629115 0.0250772 0.0401235 0.789326
0 0.723765 0.957819 0.0277778 0.0401235 0.791069
0 0.593943 0.305556 0.0258488 0.0298354 0.797906
0 0.232253 0.65072 0.029321 0.0329218 0.806367
0 0.373457 0.751286 0.0223765 0.0303498 0.817718
0 0.733989 0.14249 0.0304784 0.0339506 0.824627
0 0.742477 0.547068 0.0320216 0.0426955 0.832046
0 0.451582 0.221708 0.0297068 0.0360082 0.833722
0 0.0445602 0.362397 0.0327932 0.0385802 0.835811
0 0.943287 0.0792181 0.025463 0.0411523 0.838696
