0 0.271219 0.972479 0.0300926 0.0334362 0.518682
0 0.275077 0.930813 0.0246914 0.0303498 0.691154
0 0.375579 0.158179 0.0428241 0.0416667 0.745718
0 0.420718 0.0900206 0.0250772 0.0298354 0.771332
0 0.801505 0.0645576 0.0304784 0.05607 0.796125
0 0.422454 0.0594136 0.0324074 0.0375514 0.803685
0 0.447145 0.451903 0.0270062 0.0478395 0.811498
0 0.597415 0.65715 0.0297068 0.0406379 0.824484
0 0.304784 0.676698 0.0270062 0.0468107 0.824896
0 0.0345293 0.451903 0.0266204 0.0385802 0.824995
0 0.945602 0.936214 0.0308642 0.0339506 0.827827
0 0.638696 0.707305 0.0258488 0.031893 0.828512
0 0.473187 0.569187 0.0227623 0.0334362 0.838307
0 0.889853 0.615741 0.0343364 0.037037 0.839327
0 0.51794 0.701132 0.03125 0.0421811 0.839673
0 0.360147 0.642747 0.0250772 0.034465 0.842309
0 0.369985 0.311986 0.0262346 0.0437243 0.874662
0 0.116512 0.57073 0.0285494 0.0468107 0.878973
