0 0.428627 0.992284 0.0277778 0.0154321 0.588228
0 0.229167 0.986368 0.0216049 0.0252058 0.609012
0 0.485725 0.356996 0.0246914 0.0473251 0.652229
0 0.734182 0.468364 0.0246914 0.0262346 0.680648
0 0.95679 0.16821 0.0185185 0.0246914 0.690794
0 0.873264 0.844136 0.0227623 0.0288066 0.73868
0 0.211227 0.833076 0.0212191 0.0334362 0.764925
0 0.741127 0.489455 0.0231481 0.0272634 0.774018
0 0.983218 0.893776 0.0250772 0.034465 0.776427
0 0.0817901 0.23894 0.0177469 0.029321 0.781884
0 0.299576 0.319187 0.0212191 0.0365226 0.783132
0 0.42554 0.25643 0.0177469 0.0324074 0.783694
0 0.493827 0.727366 0.029321 0.037037 0.789383
0 0.320795 0.599794 0.0181327 0.0288066 0.796188
0 0.891782 0.112912 0.0250772 0.034465 0.799831
0 0.337963 0.0486111 0.0324074 0.0375514 0.800174
0 0.667438 0.887603 0.0192901 0.0282922 0.801813
0 0.794753 0.905607 0.0308642 0.0324074 0.808373
0 0.17284 0.238426 0.0223765 0.0354938 0.810996
0 0.10706 0.227623 0.0250772 0.0313786 0.812641
0 0.251543 0.436214 0.0216049 0.0473251 0.835489
0 0.630208 0.315072 0.0219907 0.0365226 0.851636
