0 0.199074 0.299897 0.0131173 0.0185185 0.55987
0 0.549576 0.338992 0.0150463 0.0164609 0.640793
0 0.569637 0.167181 0.0181327 0.0246914 0.667184
0 0.903549 0.20216 0.0154321 0.0195473 0.670348
0 0.843943 0.951132 0.0204475 0.026749 0.687967
0 0.534915 0.778292 0.0158179 0.0205761 0.689386
0 0.616319 0.410237 0.0127315 0.0159465 0.702707
0 0.568866 0.242284 0.0327932 0.0452675 0.731207
0 0.132523 0.167438 0.023534 0.0324074 0.740685
0 0.537423 0.471193 0.0162037 0.0216049 0.741239
0 0.646798 0.68287 0.0165895 0.0221193 0.755065
0 0.887731 0.385545 0.0192901 0.024177 0.76248
0 0.46412 0.327675 0.0138889 0.0205761 0.765195
0 0.96875 0.246142 0.0185185 0.0221193 0.765233
0 0.0314429 0.484825 0.0196759 0.0262346 0.765666
0 0.587577 0.915123 0.0200617 0.0288066 0.77036
0 0.276427 0.862654 0.0158179 0.0195473 0.780871
0 0.398534 0.24537 0.0146605 0.0205761 0.785149
0 0.596451 0.448045 0.0162037 0.0195473 0.785484
0 0.321373 0.335905 0.0200617 0.0277778 0.790798
0 0.122492 0.525463 0.0173611 0.0210905 0.791841
0 0.424383 0.341564 0.0192901 0.0288066 0.795155
0 0.298997 0.755401 0.0169753 0.0231481 0.799058
0 0.595486 0.478652 0.0158179 0.024177 0.799685
