0 0.325039 0.203189 0.0165895 0.0174897 0.525752
0 0.533758 0.598765 0.0111883 0.0205761 0.538483
0 0.818287 0.0848765 0.00925926 0.0123457 0.546412
0 0.538194 0.614712 0.0154321 0.0205761 0.563132
0 0.413194 0.311728 0.0216049 0.0298354 0.620551
0 0.750386 0.233796 0.0162037 0.0210905 0.658884
0 0.890046 0.536523 0.0185185 0.0246914 0.692723
0 0.813079 0.0388374 0.0165895 0.0252058 0.6941
0 0.964313 0.784208 0.0196759 0.0231481 0.704023
0 0.189815 0.572788 0.0131173 0.0169753 0.714464
0 0.34973 0.383745 0.0165895 0.0226337 0.715654
0 0.0349151 0.389918 0.0165895 0.0205761 0.727236
0 0.204861 0.985597 0.0185185 0.0246914 0.730541
0 0.733218 0.684928 0.0181327 0.0221193 0.732824
0 0.0146605 0.601337 0.0154321 0.0216049 0.745068
0 0.859761 0.202418 0.0189043 0.024177 0.747641
0 0.767554 0.0583848 0.0189043 0.0231481 0.753688
0 0.159144 0.230967 0.0181327 0.0205761 0.756186
0 0.394097 0.518519 0.0173611 0.0226337 0.759948
0 0.143326 0.31893 0.0135031 0.0205761 0.762147
0 0.367091 0.45499 0.0173611 0.0231481 0.769894
0 0.210069 0.593621 0.0150463 0.0195473 0.795187
0 0.229938 0.0205761 0.0169753 0.0246914 0.797554
0 0.285687 0.296296 0.0189043 0.0226337 0.801592
0 0.0738812 0.598251 0.0196759 0.0257202 0.803651
0 0.123264 0.80607 0.0158179 0.0236626 0.81496
0 0.146605 0.799125 0.0177469 0.024177 0.83514
