0 0.191551 0.324846 0.0111883 0.0200617 0.500393
0 0.414545 0.448045 0.0104167 0.0133745 0.705866
0 0.509452 0.0133745 0.0181327 0.0236626 0.717653
0 0.955633 0.929527 0.0169753 0.0226337 0.736106
0 0.0407022 0.563786 0.0158179 0.0216049 0.74245
0 0.188465 0.0187757 0.0150463 0.0200617 0.743028
0 0.191551 0.518004 0.0142747 0.0185185 0.743735
0 0.033179 0.250772 0.0154321 0.0221193 0.758082
0 0.938079 0.92284 0.0189043 0.0288066 0.763476
0 0.826196 0.894547 0.0165895 0.0216049 0.768147
0 0.701196 0.956019 0.0127315 0.0190329 0.781278
0 0.673418 0.473508 0.0181327 0.0252058 0.795707
0 0.105903 0.770833 0.0189043 0.024177 0.798612
0 0.517168 0.510545 0.0196759 0.0272634 0.799724
0 0.771605 0.474794 0.0200617 0.0257202 0.80302
0 0.266782 0.495628 0.0181327 0.0272634 0.878432
