0 0.415509 0.693673 0.0146605 0.0221193 0.541049
0 0.863619 0.153549 0.0165895 0.0262346 0.593911
0 0.298418 0.332562 0.0119599 0.0159465 0.60039
0 0.237654 0.650977 0.0200617 0.0231481 0.62343
0 0.0640432 0.709362 0.0154321 0.0174897 0.629734
0 0.00559414 0.710134 0.0111883 0.0252058 0.668718
0 0.606481 0.548354 0.0177469 0.0257202 0.691646
0 0.226659 0.758488 0.0135031 0.0231481 0.698224
0 0.292631 0.511317 0.0127315 0.0185185 0.71174
0 0.544174 0.23894 0.0111883 0.0200617 0.712651
0 0.447917 0.488683 0.0131173 0.0174897 0.729811
0 0.958333 0.956019 0.0146605 0.024177 0.734363
0 0.729938 0.214763 0.0177469 0.0221193 0.734642
0 0.272184 0.621399 0.0165895 0.0236626 0.739462
0 0.977238 0.307099 0.0208333 0.0277778 0.739563
0 0.742863 0.237912 0.0135031 0.0210905 0.741773
0 0.603009 0.179784 0.0185185 0.0210905 0.751564
0 0.680363 0.0128601 0.0173611 0.0216049 0.75892
0 0.966628 0.493827 0.0165895 0.0216049 0.767275
0 0.432292 0.260802 0.0181327 0.0236626 0.77238
0 0.0798611 0.784208 0.0154321 0.0221193 0.774792
0 0.733796 0.787551 0.0146605 0.0246914 0.777924
0 0.264275 0.463735 0.0169753 0.024177 0.7796
0 0.690201 0.887088 0.0162037 0.0231481 0.780532
0 0.891975 0.199588 0.0239198 0.0360082 0.783926
0 0.380787 0.648663 0.033179 0.0452675 0.79449
0 0.73669 0.6232 0.0158179 0.0221193 0.797611
0 0.543017 0.470422 0.0165895 0.0221193 0.805473
0 0.223765 0.725051 0.0169753 0.0272634 0.807568
