0 0.973573 0.469907 0.0150463 0.0221193 0.519292
0 0.0486111 0.196759 0.0100309 0.0169753 0.540653
0 0.170139 0.233796 0.0162037 0.0180041 0.565855
0 0.494213 0.615741 0.0192901 0.026749 0.637215
0 0.0314429 0.173097 0.0135031 0.0169753 0.653774
0 0.272377 0.83179 0.0131173 0.0174897 0.654483
0 0.666474 0.95216 0.0150463 0.0185185 0.677017
0 0.619213 0.385545 0.0185185 0.0210905 0.681763
0 0.231289 0.656379 0.0165895 0.0246914 0.68972
0 0.751736 0.189043 0.023534 0.0303498 0.701338
0 0.896412 0.575103 0.0212191 0.026749 0.702723
0 0.206983 0.399177 0.0142747 0.0236626 0.707484
0 0.0229552 0.948045 0.0111883 0.0164609 0.715557
0 0.173804 0.259259 0.0150463 0.0164609 0.721798
0 0.900463 0.0452675 0.0192901 0.026749 0.724553
0 0.152585 0.769805 0.0189043 0.024177 0.750138
0 0.292824 0.967593 0.0200617 0.0246914 0.770445
0 0.219329 0.310185 0.0158179 0.0205761 0.77075
0 0.541281 0.896348 0.0154321 0.0272634 0.778537
0 0.489005 0.824588 0.0173611 0.0226337 0.783555
0 0.445216 0.809671 0.0162037 0.0216049 0.788228
0 0.556134 0.918981 0.0181327 0.0252058 0.795225
0 0.266782 0.293467 0.0158179 0.0210905 0.798894
0 0.44213 0.212449 0.0177469 0.0246914 0.800675
0 0.506944 0.828189 0.0208333 0.026749 0.807315
