0 0.942901 0.968879 0.0239198 0.0324074 0.68217
0 0.82446 0.889918 0.0308642 0.0390946 0.704831
0 0.916667 0.98894 0.0231481 0.0221193 0.711371
0 0.971451 0.0691872 0.0262346 0.0365226 0.747282
0 0.475887 0.0923354 0.0343364 0.0447531 0.755688
0 0.141975 0.680041 0.0262346 0.0298354 0.766166
0 0.454089 0.861368 0.0223765 0.0282922 0.789894
0 0.523534 0.659722 0.033179 0.0406379 0.799471
0 0.773534 0.774949 0.0262346 0.034465 0.799918
0 0.669174 0.161265 0.0297068 0.0426955 0.800329
0 0.704282 0.509516 0.03125 0.0416667 0.803391
0 0.646219 0.316101 0.0262346 0.0385802 0.809857
0 0.0405093 0.251543 0.0239198 0.031893 0.814858
