0 0.130401 0.94856 0.0239198 0.0349794 0.580472
0 0.150077 0.986883 0.0262346 0.0252058 0.6234
0 0.968364 0.907665 0.029321 0.0396091 0.680442
0 0.754437 0.0164609 0.0289352 0.0329218 0.720703
0 0.0119599 0.234825 0.0239198 0.0375514 0.745602
0 0.838927 0.898405 0.0250772 0.0375514 0.752175
0 0.924383 0.605195 0.0316358 0.0396091 0.758163
0 0.82716 0.495885 0.0277778 0.037037 0.768061
0 0.77392 0.903807 0.0285494 0.0493827 0.779041
0 0.467593 0.777006 0.0308642 0.0416667 0.780907
0 0.182292 0.061214 0.0343364 0.037037 0.790397
0 0.346065 0.69213 0.0300926 0.0334362 0.79527
0 0.348187 0.535494 0.0304784 0.0452675 0.795276
0 0.142554 0.781379 0.0204475 0.0288066 0.797347
0 0.660494 0.903807 0.0354938 0.0493827 0.798859
0 0.782022 0.48714 0.0277778 0.037037 0.80395
0 0.543981 0.106224 0.0231481 0.0313786 0.810567
0 0.117477 0.695216 0.0327932 0.0509259 0.822489
0 0.142747 0.370628 0.0192901 0.0231481 0.831357
0 0.604938 0.186986 0.0339506 0.0426955 0.841809
