0 0.150077 0.349023 0.0208333 0.029321 0.677708
0 0.00945216 0.877315 0.0189043 0.0324074 0.677749
0 0.375386 0.0550412 0.0216049 0.031893 0.748511
0 0.0380015 0.709362 0.023534 0.0236626 0.759614
0 0.140046 0.264146 0.0208333 0.0324074 0.76451
0 0.150656 0.657665 0.0165895 0.0354938 0.778392
0 0.364005 0.549383 0.0258488 0.0288066 0.780816
0 0.872685 0.647891 0.0270062 0.0334362 0.798758
0 0.316358 0.174126 0.025463 0.029321 0.809135
0 0.480131 0.897634 0.03125 0.0432099 0.814824
0 0.841435 0.0643004 0.0216049 0.0349794 0.820919
0 0.887346 0.621656 0.0231481 0.0313786 0.820925
0 0.601659 0.0805041 0.0281636 0.029321 0.837707
0 0.907407 0.328704 0.0285494 0.0349794 0.839617
0 0.665123 0.585134 0.029321 0.0375514 0.842418
0 0.189622 0.0625 0.0250772 0.0334362 0.844573
0 0.587191 0.285237 0.0277778 0.0324074 0.85194
0 0.54456 0.339249 0.023534 0.0303498 0.852024
0 0.604938 0.54784 0.0246914 0.0349794 0.853328
0 0.94946 0.330247 0.025463 0.0349794 0.858529
