0 0.235532 0.99357 0.0250772 0.0128601 0.50968
0 0.123457 0.0493827 0.0308642 0.037037 0.634712
0 0.774884 0.384516 0.0119599 0.0180041 0.691863
0 0.767747 0.0236626 0.0246914 0.0288066 0.72617
0 0.852816 0.0684156 0.0289352 0.0339506 0.732933
0 0.865355 0.680556 0.0154321 0.0195473 0.752368
0 0.511767 0.390947 0.0243056 0.0298354 0.753769
0 0.0133102 0.226595 0.0219907 0.0313786 0.770864
0 0.426698 0.156379 0.0246914 0.0349794 0.772168
0 0.385995 0.623971 0.0250772 0.0288066 0.778895
0 0.103781 0.347737 0.0277778 0.0349794 0.779188
0 0.0366512 0.768776 0.0192901 0.0252058 0.779317
0 0.828511 0.905607 0.0258488 0.0375514 0.781215
0 0.323881 0.984311 0.0219907 0.029321 0.782157
0 0.601273 0.674125 0.0227623 0.0252058 0.789796
0 0.253858 0.471193 0.0131173 0.0205761 0.792488
0 0.274691 0.465278 0.0208333 0.0303498 0.797009
0 0.395255 0.0735597 0.0358796 0.0452675 0.808119
0 0.210841 0.957305 0.03125 0.0421811 0.815025
0 0.690394 0.783179 0.023534 0.029321 0.815954
0 0.393711 0.754887 0.0266204 0.0375514 0.824524
0 0.807485 0.354938 0.0270062 0.0390946 0.826191
0 0.616898 0.77392 0.0239198 0.0313786 0.828403
0 0.354167 0.794496 0.0223765 0.0313786 0.829256
0 0.582369 0.388889 0.0520833 0.0576132 0.834739
0 0.401042 0.896091 0.0165895 0.0329218 0.837031
0 0.702932 0.625514 0.0216049 0.026749 0.840134
0 0.309799 0.561728 0.0208333 0.0308642 0.842375
