0 0.731481 0.0164609 0.033179 0.0329218 0.542228
0 0.125772 0.0257202 0.0362654 0.0432099 0.761654
0 0.347994 0.489969 0.0239198 0.029321 0.771724
0 0.244406 0.949846 0.0219907 0.0303498 0.784424
0 0.558063 0.388632 0.0289352 0.0375514 0.785437
0 0.627315 0.556327 0.0216049 0.0303498 0.785699
0 0.116512 0.205504 0.0362654 0.0447531 0.797936
0 0.155285 0.548097 0.0250772 0.0303498 0.811183
0 0.595486 0.636574 0.0181327 0.0324074 0.814961
0 0.119213 0.380658 0.033179 0.0442387 0.818846
0 0.358218 0.599794 0.023534 0.0401235 0.830909
0 0.519097 0.639918 0.0243056 0.031893 0.832191
0 0.622299 0.630401 0.0192901 0.029321 0.843956
0 0.461227 0.773663 0.0304784 0.0349794 0.846198
0 0.186921 0.954475 0.0189043 0.0272634 0.851102
0 0.452546 0.655864 0.0270062 0.0390946 0.852159
0 0.207755 0.861625 0.0320216 0.037037 0.860159
