0 0.592207 0.00668724 0.0216049 0.0123457 0.519803
0 0.893133 0.869856 0.0239198 0.0236626 0.543954
0 0.306134 0.0136317 0.0266204 0.0262346 0.575342
0 0.0115741 0.241255 0.0231481 0.031893 0.657669
0 0.363619 0.895833 0.023534 0.0210905 0.680691
0 0.189815 0.690329 0.0192901 0.0246914 0.684099
0 0.299769 0.361626 0.0169753 0.0236626 0.700548
0 0.924576 0.449331 0.023534 0.0324074 0.720029
0 0.33642 0.52572 0.0262346 0.0226337 0.726901
0 0.621335 0.861111 0.0196759 0.0277778 0.738096
0 0.69213 0.51929 0.0208333 0.0252058 0.756307
0 0.363812 0.228395 0.0154321 0.037037 0.762879
0 0.796103 0.904064 0.0181327 0.0231481 0.765381
0 0.467014 0.921811 0.0158179 0.0277778 0.781988
0 0.535494 0.0776749 0.025463 0.0329218 0.783306
0 0.98071 0.50643 0.0200617 0.0272634 0.784526
0 0.0893133 0.0321502 0.0243056 0.0303498 0.787495
0 0.464892 0.186214 0.0223765 0.031893 0.790413
0 0.624035 0.69573 0.0165895 0.0231481 0.793182
0 0.629437 0.728909 0.0258488 0.0288066 0.793299
0 0.17554 0.843621 0.0277778 0.0257202 0.797407
0 0.219522 0.469136 0.0262346 0.0329218 0.797955
0 0.718943 0.0874486 0.0250772 0.0339506 0.807348
0 0.514082 0.631687 0.0266204 0.0298354 0.810325
0 0.381366 0.364455 0.0219907 0.0303498 0.818328
0 0.635224 0.158951 0.0258488 0.0329218 0.830797
0 0.473958 0.481481 0.0204475 0.0339506 0.879676
