0 0.283565 0.89892 0.0231481 0.0272634 0.567978
0 0.175926 0.117027 0.0277778 0.0437243 0.605352
0 0.991705 0.20216 0.0165895 0.0277778 0.627978
0 0.310957 0.760031 0.0208333 0.0313786 0.687719
0 0.876929 0.577418 0.0185185 0.0272634 0.715938
0 0.521798 0.651492 0.0181327 0.0313786 0.728651
0 0.930941 0.518519 0.029321 0.0380658 0.733262
0 0.856481 0.106481 0.0200617 0.031893 0.733339
0 0.657022 0.101595 0.0239198 0.0375514 0.778272
0 0.274691 0.427984 0.0231481 0.0329218 0.778463
0 0.0551698 0.0396091 0.0308642 0.031893 0.781499
0 0.223765 0.63323 0.0208333 0.0349794 0.78301
0 0.482832 0.64249 0.0281636 0.0246914 0.787098
0 0.399884 0.705504 0.0196759 0.0385802 0.787964
0 0.509452 0.295267 0.0212191 0.0308642 0.798023
0 0.127894 0.411265 0.0266204 0.0324074 0.799881
0 0.890625 0.949588 0.0250772 0.0452675 0.805605
0 0.788966 0.614198 0.0262346 0.026749 0.807121
0 0.488233 0.89892 0.0343364 0.0324074 0.814021
0 0.191744 0.662809 0.0277778 0.0354938 0.816669
0 0.62037 0.447274 0.0185185 0.0354938 0.820554
0 0.316744 0.55607 0.025463 0.0277778 0.825984
0 0.309414 0.423097 0.0270062 0.0282922 0.828558
0 0.565201 0.527778 0.0231481 0.031893 0.83391
0 0.685378 0.586934 0.0243056 0.0380658 0.83844
0 0.335841 0.404578 0.0219907 0.0375514 0.850786
0 0.899691 0.553498 0.0300926 0.0524691 0.85459
0 0.890046 0.173611 0.0270062 0.0324074 0.859821
0 0.876736 0.683385 0.0250772 0.0457819 0.868626
0 0.847415 0.340021 0.0281636 0.0421811 0.871573
0 0.603974 0.68287 0.0243056 0.0396091 0.897381
