0 0.993056 0.561986 0.0131173 0.0313786 0.60069
0 0.611304 0.546296 0.0196759 0.0216049 0.684806
0 0.317323 0.223508 0.0142747 0.0272634 0.692095
0 0.347994 0.746914 0.0177469 0.0298354 0.721519
0 0.596258 0.145062 0.0212191 0.0329218 0.727005
0 0.710262 0.583333 0.025463 0.0298354 0.730764
0 0.196759 0.632202 0.0192901 0.037037 0.7349
0 0.243441 0.167695 0.0246914 0.0257202 0.735907
0 0.648341 0.208333 0.0204475 0.0329218 0.742231
0 0.424769 0.382202 0.0308642 0.026749 0.746421
0 0.451775 0.225051 0.0262346 0.0375514 0.757398
0 0.280093 0.00977366 0.0216049 0.0195473 0.760451
0 0.774884 0.561728 0.0227623 0.026749 0.761304
0 0.910301 0.130658 0.0219907 0.0349794 0.761648
0 0.371335 0.127572 0.0227623 0.0411523 0.766692
0 0.354938 0.675669 0.0216049 0.0324074 0.766731
0 0.783372 0.80787 0.023534 0.0272634 0.767107
0 0.496528 0.297839 0.0200617 0.031893 0.767622
0 0.113426 0.259516 0.0223765 0.0282922 0.774632
0 0.57446 0.664352 0.0192901 0.034465 0.782202
0 0.252122 0.667438 0.0258488 0.0272634 0.782336
0 0.460841 0.905607 0.0181327 0.034465 0.788291
0 0.657986 0.708591 0.0196759 0.0272634 0.791548
0 0.714892 0.615998 0.0270062 0.029321 0.793475
0 0.431906 0.164095 0.0173611 0.0298354 0.793773
0 0.334491 0.904835 0.0262346 0.0277778 0.79586
0 0.906829 0.588735 0.0212191 0.0262346 0.807024
0 0.389853 0.179784 0.0204475 0.0252058 0.813015
0 0.463927 0.863169 0.0227623 0.031893 0.817758
0 0.737076 0.422068 0.0366512 0.0282922 0.821861
0 0.358025 0.221965 0.0200617 0.0262346 0.827048
0 0.361883 0.173097 0.0216049 0.0324074 0.828176
0 0.429398 0.54501 0.0262346 0.0324074 0.831731
0 0.239198 0.0537551 0.025463 0.0354938 0.838373
0 0.704475 0.898148 0.0177469 0.0432099 0.845765
0 0.122492 0.05607 0.0289352 0.0380658 0.856117
