0 0.30189 0.00900206 0.0266204 0.0180041 0.500007
0 0.74865 0.589506 0.0227623 0.0442387 0.626303
0 0.575424 0.217335 0.0219907 0.034465 0.712697
0 0.0322145 0.784722 0.0219907 0.0324074 0.746263
0 0.445409 0.826646 0.0219907 0.037037 0.753177
0 0.73804 0.14249 0.029321 0.0462963 0.76821
0 0.179977 0.412809 0.0428241 0.0591564 0.768513
0 0.693287 0.345679 0.0262346 0.031893 0.768547
0 0.471065 0.740741 0.0223765 0.0339506 0.77137
0 0.36902 0.742284 0.0304784 0.037037 0.772113
0 0.990934 0.726337 0.0181327 0.0339506 0.776184
0 0.105131 0.120885 0.0297068 0.0380658 0.786394
0 0.70814 0.385288 0.0289352 0.0349794 0.793011
0 0.870563 0.344136 0.0243056 0.0308642 0.793955
0 0.429398 0.509516 0.025463 0.0324074 0.795896
0 0.368634 0.26929 0.023534 0.0354938 0.804345
0 0.968171 0.205504 0.0243056 0.034465 0.806359
0 0.384066 0.8768 0.0243056 0.0334362 0.811657
0 0.817515 0.613169 0.0300926 0.0462963 0.813225
0 0.540316 0.289609 0.0266204 0.0329218 0.814937
0 0.187693 0.136317 0.0297068 0.0421811 0.822896
0 0.779128 0.0565844 0.0366512 0.0534979 0.825873
0 0.110147 0.390689 0.0258488 0.0426955 0.826196
0 0.0210262 0.190586 0.0227623 0.0509259 0.844121
0 0.303048 0.451132 0.0266204 0.0339506 0.860471
