0 0.8451 0.670267 0.0250772 0.0329218 0.758983
0 0.802469 0.137346 0.025463 0.0339506 0.761415
0 0.830247 0.164352 0.0223765 0.0324074 0.76755
0 0.959684 0.475823 0.0243056 0.037037 0.770865
0 0.880401 0.742541 0.0277778 0.0354938 0.77459
0 0.794753 0.030607 0.0362654 0.0385802 0.783328
0 0.69348 0.252058 0.027392 0.037037 0.79202
0 0.885995 0.843364 0.027392 0.0375514 0.794357
0 0.780864 0.765432 0.0424383 0.0452675 0.794876
0 0.186921 0.828704 0.027392 0.037037 0.804853
0 0.884645 0.559928 0.025463 0.0365226 0.813402
0 0.191551 0.063786 0.0281636 0.0411523 0.815776
0 0.634066 0.231739 0.0327932 0.0396091 0.81927
0 0.233796 0.631687 0.0362654 0.0421811 0.8224
0 0.332562 0.940586 0.029321 0.0406379 0.83703
0 0.622685 0.447788 0.0354938 0.0396091 0.838518
0 0.282407 0.28858 0.0277778 0.0483539 0.847309
0 0.326582 0.369084 0.0297068 0.0488683 0.847571
