0 0.172261 0.00565844 0.0204475 0.0113169 0.563815
0 0.00733025 0.490226 0.0123457 0.0195473 0.572194
0 0.221258 0.648663 0.0181327 0.0236626 0.727216
0 0.670332 0.0496399 0.0135031 0.0180041 0.738351
0 0.133295 0.947531 0.0189043 0.0236626 0.73883
0 0.628665 0.915895 0.0158179 0.0200617 0.740169
0 0.0914352 0.915381 0.0146605 0.0190329 0.746559
0 0.820988 0.799897 0.0177469 0.0246914 0.748208
0 0.365162 0.776749 0.0142747 0.0195473 0.752644
0 0.888117 0.659722 0.0231481 0.0272634 0.754861
0 0.168017 0.781636 0.0196759 0.0262346 0.765609
0 0.296103 0.699331 0.0165895 0.0231481 0.765872
0 0.511767 0.71142 0.0127315 0.0195473 0.770487
0 0.487654 0.451646 0.0115741 0.0185185 0.785985
0 0.42689 0.769033 0.0173611 0.0246914 0.788311
0 0.170525 0.6268 0.0162037 0.0221193 0.789464
0 0.566744 0.777521 0.0131173 0.0169753 0.797936
0 0.454089 0.274691 0.0300926 0.0390946 0.807397
