0 0.518904 0.9393 0.0138889 0.0185185 0.566935
0 0.652585 0.093107 0.0119599 0.0144033 0.615371
0 0.245177 0.978395 0.0158179 0.0205761 0.68371
0 0.993056 0.515175 0.0138889 0.0272634 0.700592
0 0.0636574 0.590792 0.0192901 0.024177 0.717548
0 0.397955 0.819959 0.0142747 0.0195473 0.740118
0 0.404321 0.311728 0.0162037 0.0216049 0.759396
0 0.63831 0.0131173 0.0250772 0.0262346 0.765161
0 0.222608 0.67644 0.0208333 0.0246914 0.77919
0 0.131559 0.554527 0.0270062 0.0329218 0.779391
0 0.767554 0.572016 0.0173611 0.0236626 0.795457
0 0.971258 0.172582 0.0335648 0.0385802 0.798724
0 0.0144676 0.927984 0.0196759 0.0257202 0.803373
0 0.514275 0.54784 0.0324074 0.0504115 0.822525
