0 0.931134 0.979424 0.0196759 0.026749 0.53081
0 0.542824 0.408951 0.0177469 0.0246914 0.642284
0 0.992863 0.304784 0.0135031 0.024177 0.72527
0 0.411458 0.159722 0.0142747 0.0200617 0.734679
0 0.925154 0.478138 0.0185185 0.0252058 0.741029
0 0.0289352 0.564043 0.0162037 0.0210905 0.745844
0 0.464699 0.0951646 0.0189043 0.0236626 0.756979
0 0.765432 0.513117 0.0177469 0.024177 0.757373
0 0.148727 0.735854 0.0173611 0.0252058 0.759414
0 0.0418596 0.584877 0.0173611 0.0236626 0.765313
0 0.0196759 0.301698 0.0154321 0.0221193 0.766432
0 0.285687 0.0653292 0.0165895 0.0216049 0.767133
0 0.253279 0.347737 0.0196759 0.026749 0.773663
0 0.0252701 0.73894 0.0196759 0.0272634 0.779701
0 0.216628 0.307613 0.0204475 0.0277778 0.782957
0 0.637539 0.631173 0.0281636 0.0390946 0.784559
0 0.788387 0.730453 0.0243056 0.0308642 0.801061
0 0.339699 0.58642 0.0204475 0.0277778 0.818131
