0 0.668403 0.94213 0.0142747 0.0210905 0.619653
0 0.674383 0.605967 0.0154321 0.0174897 0.633139
0 0.441551 0.059928 0.0219907 0.0200617 0.664274
0 0.610918 0.834362 0.0150463 0.0195473 0.681909
0 0.200231 0.20679 0.0100309 0.0164609 0.708385
0 0.158372 0.704218 0.0158179 0.0205761 0.711224
0 0.152778 0.841821 0.0185185 0.0252058 0.725533
0 0.855517 0.402263 0.0181327 0.0216049 0.728064
0 0.017554 0.432613 0.0150463 0.0257202 0.747946
0 0.447145 0.795267 0.0154321 0.0246914 0.752397
0 0.217785 0.20499 0.0142747 0.0210905 0.752663
0 0.0414738 0.577418 0.0165895 0.0210905 0.755001
0 0.0621142 0.585391 0.0146605 0.0195473 0.759497
0 0.932677 0.307356 0.0158179 0.0252058 0.761996
0 0.977816 0.543724 0.0227623 0.026749 0.763674
0 0.225694 0.703447 0.0169753 0.0210905 0.766935
0 0.770833 0.447274 0.0185185 0.024177 0.77556
0 0.400463 0.751543 0.0138889 0.0205761 0.776379
0 0.274113 0.914095 0.0196759 0.0236626 0.829843
