0 0.349344 0.692901 0.0150463 0.0174897 0.520033
0 0.799961 0.959362 0.0150463 0.0185185 0.538438
0 0.737076 0.8143 0.0173611 0.0216049 0.539528
0 0.14294 0.240998 0.0173611 0.0272634 0.625843
0 0.263503 0.0753601 0.0177469 0.0231481 0.64585
0 0.52064 0.0470679 0.0189043 0.024177 0.666644
0 0.344522 0.283693 0.0115741 0.0159465 0.670778
0 0.563657 0.400206 0.0231481 0.0216049 0.689762
0 0.592593 0.550669 0.0223765 0.024177 0.710586
0 0.540895 0.0992798 0.025463 0.0349794 0.714611
0 0.1875 0.579733 0.0192901 0.0257202 0.718733
0 0.317323 0.570988 0.0135031 0.0195473 0.719714
0 0.327739 0.285237 0.0158179 0.0210905 0.719716
0 0.368634 0.0900206 0.0227623 0.031893 0.725029
0 0.588927 0.229681 0.0165895 0.0221193 0.725276
0 0.595679 0.127058 0.0146605 0.0185185 0.730479
0 0.719136 0.695988 0.0169753 0.0216049 0.736072
0 0.159722 0.244856 0.0177469 0.0308642 0.739683
0 0.816358 0.364198 0.0185185 0.0226337 0.739718
0 0.0868056 0.556584 0.0192901 0.026749 0.74078
0 0.500386 0.804527 0.0200617 0.0246914 0.748767
0 0.148727 0.623714 0.0158179 0.0231481 0.749509
0 0.527006 0.468879 0.0169753 0.0252058 0.758046
0 0.565586 0.100823 0.0231481 0.0288066 0.760666
0 0.401813 0.314558 0.0227623 0.0303498 0.770802
0 0.482446 0.611625 0.0258488 0.0411523 0.772315
0 0.614969 0.792953 0.0216049 0.0252058 0.780129
0 0.284529 0.367541 0.0150463 0.0231481 0.802145
0 0.166474 0.197531 0.0652006 0.0751029 0.814773
0 0.58044 0.479938 0.03125 0.0462963 0.81711
0 0.375386 0.289352 0.0324074 0.0426955 0.818558
