0 0.251929 0.821759 0.025463 0.0468107 0.631554
0 0.676312 0.0154321 0.0300926 0.0298354 0.640001
0 0.912423 0.617027 0.0200617 0.0303498 0.689577
0 0.194444 0.0182613 0.025463 0.029321 0.69683
0 0.345293 0.0334362 0.0300926 0.0339506 0.699901
0 0.237847 0.467078 0.0243056 0.0339506 0.702279
0 0.917052 0.177984 0.025463 0.0308642 0.702681
0 0.583719 0.122171 0.0277778 0.0303498 0.719161
0 0.913002 0.314815 0.027392 0.0349794 0.729776
0 0.237654 0.290123 0.0223765 0.0298354 0.734664
0 0.812693 0.63143 0.0304784 0.0426955 0.746726
0 0.351852 0.262346 0.0239198 0.037037 0.747062
0 0.160108 0.373714 0.0185185 0.0272634 0.770894
0 0.0661651 0.149434 0.0281636 0.0406379 0.771691
0 0.869985 0.332819 0.0246914 0.0329218 0.772859
0 0.682292 0.587706 0.0281636 0.034465 0.785466
0 0.847608 0.302212 0.0277778 0.0324074 0.787103
0 0.123071 0.920267 0.0262346 0.031893 0.788848
0 0.592978 0.543467 0.0223765 0.029321 0.791006
0 0.428627 0.140947 0.0270062 0.0339506 0.795991
0 0.721836 0.146091 0.0239198 0.0329218 0.796645
0 0.636381 0.953704 0.0258488 0.037037 0.797715
0 0.0281636 0.939815 0.033179 0.0411523 0.806274
0 0.385224 0.274691 0.0327932 0.0432099 0.808443
0 0.616898 0.112397 0.0285494 0.0426955 0.811246
0 0.689815 0.631173 0.0270062 0.031893 0.812942
0 0.842014 0.339249 0.0243056 0.0365226 0.813013
0 0.377122 0.447531 0.0219907 0.0288066 0.813378
0 0.859375 0.565072 0.0366512 0.0457819 0.816216
0 0.0144676 0.854167 0.0289352 0.0324074 0.829393
0 0.923225 0.806327 0.0308642 0.0354938 0.831427
0 0.583912 0.794239 0.0212191 0.031893 0.832187
0 0.490548 0.828704 0.0343364 0.0462963 0.837735
0 0.354552 0.520319 0.0223765 0.0282922 0.838203
0 0.309414 0.623714 0.0223765 0.029321 0.840376
0 0.652778 0.689815 0.0270062 0.026749 0.84729
0 0.482832 0.457819 0.0698302 0.0864198 0.852609
0 0.788966 0.656379 0.0239198 0.0329218 0.860013
