0 0.0524691 0.972737 0.0277778 0.0360082 0.619956
0 0.586806 0.0493827 0.0316358 0.0380658 0.62391
0 0.721065 0.0262346 0.0270062 0.026749 0.661112
0 0.909722 0.313272 0.0246914 0.026749 0.674855
0 0.772377 0.0159465 0.0308642 0.0308642 0.706889
0 0.174961 0.1857 0.03125 0.0339506 0.774724
0 0.483218 0.284208 0.0266204 0.0334362 0.834834
0 0.366898 0.62963 0.0277778 0.0329218 0.836112
0 0.11304 0.604681 0.0285494 0.034465 0.836362
0 0.0271991 0.303498 0.0250772 0.0298354 0.847765
0 0.722801 0.700617 0.03125 0.0442387 0.848093
