0 0.169367 0.160237 0.033179 0.0457819 0.668849
0 0.444252 0.98534 0.0297068 0.0282922 0.719979
0 0.219522 0.867027 0.0223765 0.0334362 0.724916
0 0.33044 0.551183 0.0196759 0.0282922 0.754966
0 0.808449 0.959105 0.0343364 0.0468107 0.756018
0 0.138117 0.891461 0.0216049 0.0349794 0.760968
0 0.964506 0.290895 0.0277778 0.0365226 0.771397
0 0.381944 0.773405 0.0231481 0.0282922 0.780274
0 0.656057 0.963735 0.0289352 0.0416667 0.78421
0 0.0318287 0.128344 0.0320216 0.0396091 0.799398
0 0.320023 0.962706 0.0281636 0.0385802 0.802061
0 0.347801 0.816101 0.0243056 0.0303498 0.80431
0 0.7799 0.473251 0.03125 0.0349794 0.807117
0 0.423997 0.168467 0.0285494 0.0396091 0.807136
0 0.654321 0.446502 0.0308642 0.0390946 0.817473
0 0.372106 0.350051 0.0189043 0.0303498 0.817857
0 0.17419 0.723251 0.0258488 0.0411523 0.81901
0 0.903742 0.151749 0.0212191 0.0277778 0.820163
0 0.114583 0.922582 0.025463 0.0262346 0.831806
0 0.0538194 0.801183 0.027392 0.0303498 0.840598
0 0.0428241 0.661523 0.0223765 0.031893 0.848748
