0 0.840278 0.0131173 0.0378086 0.0262346 0.518022
0 0.704861 0.910237 0.0169753 0.0221193 0.629026
0 0.903356 0.0138889 0.0289352 0.0277778 0.654662
0 0.888503 0.984568 0.0347222 0.0308642 0.684302
0 0.67554 0.923097 0.025463 0.0375514 0.75636
0 0.431713 0.14892 0.0262346 0.0416667 0.756862
0 0.270062 0.359568 0.025463 0.0329218 0.761567
0 0.298418 0.415638 0.0358796 0.0401235 0.776122
0 0.0632716 0.026749 0.029321 0.0432099 0.780002
0 0.814043 0.286008 0.0308642 0.0483539 0.791701
0 0.0989583 0.415381 0.027392 0.0334362 0.792426
0 0.780478 0.32356 0.029321 0.0339506 0.794287
0 0.0817901 0.98251 0.0208333 0.0298354 0.810978
0 0.629051 0.459105 0.0158179 0.0221193 0.812214
0 0.411651 0.340278 0.0239198 0.0303498 0.814316
0 0.510031 0.234311 0.0231481 0.0313786 0.819139
0 0.135031 0.800669 0.0277778 0.0365226 0.823756
0 0.312886 0.538066 0.0223765 0.0339506 0.828416
0 0.10841 0.213477 0.0300926 0.0401235 0.82864
0 0.614969 0.784208 0.0216049 0.0282922 0.847093
0 0.685571 0.529064 0.025463 0.0406379 0.879423
