0 0.441744 0.44213 0.0223765 0.0334362 0.706163
0 0.00636574 0.869084 0.0127315 0.0365226 0.72073
0 0.12037 0.0815329 0.029321 0.0396091 0.734469
0 0.922068 0.256173 0.0246914 0.0360082 0.755642
0 0.393133 0.276235 0.025463 0.0349794 0.758401
0 0.132716 0.606739 0.0239198 0.0324074 0.771541
0 0.424769 0.826646 0.0246914 0.0329218 0.80652
0 0.617477 0.168724 0.027392 0.031893 0.810282
0 0.429784 0.394033 0.025463 0.0411523 0.820332
0 0.535494 0.710905 0.0208333 0.0308642 0.821771
0 0.390046 0.140947 0.0300926 0.031893 0.833509
0 0.497878 0.485854 0.0258488 0.0313786 0.835147
0 0.467593 0.385802 0.033179 0.0360082 0.840661
0 0.560378 0.570473 0.023534 0.037037 0.840987
0 0.139468 0.926183 0.0243056 0.0303498 0.869676
