0 0.763696 0.22608 0.0266204 0.034465 0.726409
0 0.967978 0.276492 0.0347222 0.0447531 0.750005
0 0.990162 0.154064 0.0196759 0.0303498 0.752562
0 0.133681 0.7518 0.023534 0.0282922 0.794918
0 0.755594 0.33179 0.0227623 0.031893 0.797721
0 0.617863 0.565072 0.0304784 0.0396091 0.802839
0 0.383873 0.622428 0.0308642 0.0390946 0.807432
0 0.00964506 0.446502 0.0177469 0.0246914 0.807666
0 0.540509 0.122685 0.0223765 0.029321 0.810556
0 0.119406 0.14429 0.0297068 0.0385802 0.813947
0 0.10841 0.494084 0.0216049 0.029321 0.815291
0 0.277971 0.666924 0.0320216 0.0416667 0.824816
0 0.897377 0.382202 0.0378086 0.0462963 0.825527
0 0.182677 0.482253 0.0212191 0.0303498 0.827932
0 0.557677 0.949331 0.0320216 0.0416667 0.830119
0 0.63831 0.25643 0.0281636 0.0375514 0.830374
0 0.359568 0.0576132 0.0277778 0.0432099 0.858624
