0 0.881173 0.387088 0.0308642 0.0437243 0.594466
0 0.54321 0.529578 0.0216049 0.029321 0.69725
0 0.0119599 0.733796 0.0239198 0.0457819 0.727743
0 0.683642 0.18107 0.0223765 0.0288066 0.73091
0 0.0300926 0.59928 0.0231481 0.0298354 0.764147
0 0.908179 0.159208 0.0239198 0.0375514 0.766738
0 0.802469 0.0133745 0.0239198 0.026749 0.767648
0 0.576582 0.39249 0.0212191 0.026749 0.769661
0 0.400849 0.426955 0.0270062 0.0298354 0.774473
0 0.960069 0.378344 0.0281636 0.0365226 0.777493
0 0.849151 0.294496 0.0231481 0.0272634 0.777912
0 0.538966 0.219907 0.0262346 0.0324074 0.790542
0 0.956019 0.861883 0.0277778 0.0396091 0.799673
0 0.30517 0.888632 0.0308642 0.0375514 0.800442
0 0.868056 0.710134 0.0239198 0.0385802 0.802498
0 0.527778 0.419496 0.054784 0.0673868 0.803172
0 0.74537 0.228652 0.0246914 0.0324074 0.804035
0 0.914738 0.622942 0.0270062 0.031893 0.80487
0 0.864005 0.0645576 0.0304784 0.0406379 0.805487
0 0.915895 0.297068 0.0316358 0.0396091 0.811207
0 0.745177 0.845936 0.0219907 0.0272634 0.813558
0 0.446181 0.930813 0.0243056 0.0334362 0.821186
0 0.612847 0.864969 0.0250772 0.0406379 0.845769
