0 0.709105 0.954475 0.0424383 0.0622428 0.687559
0 0.0871914 0.976852 0.0277778 0.0349794 0.737807
0 0.754823 0.0910494 0.038966 0.0421811 0.761693
0 0.415509 0.281893 0.0308642 0.0390946 0.787245
0 0.988619 0.372171 0.0227623 0.0406379 0.799166
0 0.977431 0.20499 0.023534 0.0334362 0.799207
0 0.541281 0.252829 0.0308642 0.0313786 0.801957
0 0.439429 0.46142 0.0239198 0.0329218 0.812404
0 0.335455 0.916924 0.0258488 0.0396091 0.814433
0 0.489776 0.983025 0.0212191 0.0339506 0.817107
0 0.207948 0.471451 0.033179 0.0375514 0.817585
0 0.689429 0.21785 0.0231481 0.0385802 0.832644
0 0.292052 0.347479 0.0208333 0.0396091 0.839539
