0 0.953704 0.00745885 0.029321 0.0149177 0.596129
0 0.250964 0.834619 0.0327932 0.0385802 0.761593
0 0.506752 0.8107 0.0243056 0.0390946 0.770774
0 0.38233 0.0329218 0.025463 0.0349794 0.773875
0 0.206211 0.972222 0.0250772 0.0432099 0.777453
0 0.562693 0.706276 0.03125 0.0360082 0.78759
0 0.35706 0.125 0.0258488 0.0339506 0.788769
0 0.332755 0.175154 0.0250772 0.0313786 0.793409
0 0.678048 0.0753601 0.0258488 0.0385802 0.796482
0 0.817515 0.898148 0.0401235 0.0514403 0.803016
0 0.271412 0.304527 0.0258488 0.0349794 0.811445
0 0.620177 0.123457 0.027392 0.0349794 0.81236
0 0.18287 0.461163 0.0316358 0.0416667 0.81521
0 0.826196 0.311986 0.0204475 0.0262346 0.823413
0 0.0327932 0.237654 0.0185185 0.0308642 0.834232
0 0.254051 0.580504 0.03125 0.0334362 0.835467
0 0.857253 0.171296 0.0316358 0.0308642 0.843405
0 0.971065 0.220422 0.0277778 0.0303498 0.851612
0 0.41358 0.171039 0.0239198 0.0324074 0.859657
