0 0.0536265 0.96142 0.0316358 0.0288066 0.664472
0 0.368441 0.0352366 0.0347222 0.0457819 0.706093
0 0.709877 0.0172325 0.0300926 0.0324074 0.742317
0 0.650849 0.265689 0.0285494 0.0385802 0.7487
0 0.76061 0.624743 0.027392 0.0365226 0.794802
0 0.832948 0.818673 0.0223765 0.0303498 0.797966
0 0.306906 0.705504 0.0212191 0.029321 0.799648
0 0.292052 0.104167 0.0285494 0.0354938 0.809023
0 0.901427 0.119342 0.027392 0.0339506 0.810302
0 0.139853 0.909465 0.023534 0.0360082 0.838827
0 0.310185 0.246399 0.0347222 0.0298354 0.845646
0 0.241127 0.698045 0.0455247 0.0473251 0.850481
0 0.435185 0.288837 0.0285494 0.0313786 0.850628
0 0.267554 0.363426 0.0343364 0.0385802 0.866045
