0 0.838349 0.649949 0.0324074 0.0375514 0.690089
0 0.536844 0.823817 0.0196759 0.0303498 0.7612
0 0.362461 0.615226 0.0204475 0.0277778 0.770968
0 0.86902 0.510288 0.0204475 0.0257202 0.777304
0 0.576775 0.648148 0.0208333 0.0288066 0.78056
0 0.304977 0.376286 0.027392 0.0262346 0.795111
0 0.0111883 0.194187 0.0223765 0.0396091 0.795493
0 0.506944 0.624486 0.0185185 0.0308642 0.797793
0 0.987847 0.802212 0.0243056 0.0385802 0.811166
0 0.670525 0.863426 0.0208333 0.0324074 0.815459
0 0.9375 0.830761 0.029321 0.031893 0.824069
0 0.559028 0.808128 0.0216049 0.0308642 0.824227
0 0.228395 0.49357 0.0277778 0.0334362 0.840875
0 0.735532 0.601337 0.0289352 0.0349794 0.844394
0 0.881559 0.486883 0.0208333 0.0262346 0.848788
0 0.246335 0.0794753 0.0266204 0.0426955 0.851195
0 0.644676 0.627572 0.0223765 0.0339506 0.861306
0 0.485532 0.424897 0.0335648 0.095679 0.872344
0 0.714699 0.43107 0.027392 0.0298354 0.885969
