0 0.516204 0.108539 0.0277778 0.037037 0.524055
0 0.637153 0.815844 0.0335648 0.0390946 0.651919
0 0.279321 0.625257 0.0223765 0.0581276 0.652088
0 0.0252701 0.460648 0.0227623 0.0324074 0.713022
0 0.92554 0.103395 0.0277778 0.0462963 0.763457
0 0.699074 0.526235 0.0308642 0.0308642 0.772013
0 0.464506 0.728909 0.0200617 0.0236626 0.790121
0 0.375193 0.480967 0.0219907 0.026749 0.795969
0 0.353781 0.690844 0.0239198 0.0329218 0.819643
0 0.657986 0.760545 0.0281636 0.0365226 0.820629
0 0.179784 0.253086 0.025463 0.0421811 0.823084
0 0.154514 0.255144 0.0196759 0.0360082 0.823662
0 0.039159 0.416924 0.0281636 0.0375514 0.839611
0 0.695988 0.472479 0.0177469 0.0426955 0.858092
0 0.517747 0.320988 0.0239198 0.0401235 0.872714
0 0.481867 0.522377 0.0324074 0.0498971 0.875531
