0 0.532022 0.00771605 0.0131173 0.0144033 0.510534
0 0.229745 0.990741 0.0250772 0.0185185 0.693902
0 0.312693 0.923097 0.027392 0.0416667 0.709527
0 0.4375 0.125 0.0185185 0.0277778 0.729807
0 0.683449 0.054784 0.0204475 0.0282922 0.740539
0 0.941744 0.948817 0.037037 0.0478395 0.744528
0 0.883295 0.888117 0.0374228 0.0550412 0.753656
0 0.585455 0.403807 0.027392 0.0452675 0.766767
0 0.513696 0.64249 0.0297068 0.0421811 0.77032
0 0.937114 0.852881 0.0270062 0.0401235 0.770333
0 0.412423 0.26749 0.0216049 0.0298354 0.774478
0 0.129823 0.958848 0.0304784 0.0411523 0.778621
0 0.420139 0.443158 0.0200617 0.0272634 0.780269
0 0.546682 0.0182613 0.0200617 0.0272634 0.78228
0 0.274884 0.301955 0.0258488 0.031893 0.783604
0 0.575617 0.835391 0.0316358 0.0401235 0.783978
0 0.154128 0.0712449 0.023534 0.029321 0.78438
0 0.97338 0.768519 0.0324074 0.0442387 0.785624
0 0.829282 0.026749 0.0266204 0.0401235 0.787543
0 0.113812 0.649177 0.0246914 0.0277778 0.788377
0 0.262539 0.614712 0.0196759 0.0308642 0.793514
0 0.247878 0.163066 0.03125 0.0349794 0.795544
0 0.282793 0.676955 0.029321 0.0390946 0.808135
0 0.561343 0.110082 0.0270062 0.0339506 0.811047
0 0.695409 0.904578 0.0343364 0.0457819 0.814242
0 0.631173 0.487397 0.0277778 0.0354938 0.816614
0 0.301312 0.162037 0.025463 0.0308642 0.816623
0 0.125579 0.162037 0.03125 0.0473251 0.822382
0 0.181134 0.813014 0.0250772 0.0313786 0.823187
0 0.743441 0.654835 0.0339506 0.0442387 0.82506
0 0.282986 0.473765 0.027392 0.0360082 0.826901
0 0.830826 0.346965 0.0335648 0.0457819 0.828138
0 0.423804 0.631687 0.027392 0.037037 0.835889
0 0.466628 0.652263 0.0258488 0.0442387 0.837954
0 0.494792 0.255658 0.0258488 0.031893 0.840322
