0 0.919367 0.333591 0.0216049 0.0303498 0.541905
0 0.294946 0.693673 0.035108 0.0282922 0.577666
0 0.0885417 0.943158 0.0196759 0.0313786 0.64108
0 0.900849 0.332562 0.0154321 0.029321 0.641626
0 0.279707 0.641461 0.0216049 0.0246914 0.643637
0 0.0733025 0.769805 0.0246914 0.0498971 0.658096
0 0.443287 0.391204 0.0270062 0.0334362 0.670817
0 0.629244 0.676183 0.0169753 0.0200617 0.688562
0 0.0318287 0.501543 0.0281636 0.0308642 0.70734
0 0.652585 0.666924 0.0227623 0.024177 0.720182
0 0.384645 0.98534 0.029321 0.0272634 0.726059
0 0.804012 0.935442 0.029321 0.0282922 0.730595
0 0.393711 0.365741 0.0243056 0.0277778 0.734024
0 0.296875 0.821759 0.023534 0.0272634 0.74344
0 0.724537 0.271862 0.025463 0.0231481 0.746515
0 0.547068 0.69856 0.0192901 0.0257202 0.751034
0 0.229552 0.615998 0.0192901 0.0282922 0.764234
0 0.0804398 0.147634 0.0227623 0.031893 0.765259
0 0.37635 0.50463 0.0227623 0.0339506 0.767334
0 0.76466 0.779578 0.0200617 0.0334362 0.767914
0 0.911265 0.490741 0.0208333 0.0329218 0.769102
0 0.721065 0.940844 0.029321 0.037037 0.772593
0 0.576196 0.684156 0.023534 0.0401235 0.774044
0 0.405478 0.322788 0.033179 0.0282922 0.77415
0 0.786651 0.710391 0.0223765 0.0329218 0.774605
0 0.0503472 0.379887 0.0196759 0.0406379 0.774769
0 0.814236 0.630401 0.0196759 0.0303498 0.775244
0 0.202739 0.541924 0.0142747 0.0303498 0.779771
0 0.847222 0.139918 0.0200617 0.031893 0.785383
0 0.600694 0.685957 0.0223765 0.0282922 0.786166
0 0.887539 0.797582 0.0250772 0.034465 0.789971
0 0.249035 0.304527 0.0258488 0.0298354 0.796302
0 0.539738 0.422839 0.0239198 0.0339506 0.802613
0 0.248457 0.787294 0.0200617 0.0447531 0.809996
0 0.791281 0.419239 0.0262346 0.0298354 0.810755
0 0.367863 0.777263 0.0304784 0.0298354 0.81108
0 0.453511 0.443158 0.0250772 0.0324074 0.817369
0 0.587577 0.737912 0.0208333 0.0282922 0.817972
0 0.639468 0.111626 0.0227623 0.0308642 0.818803
0 0.724537 0.0951646 0.0223765 0.0257202 0.823936
0 0.560571 0.144805 0.0216049 0.034465 0.826945
0 0.641397 0.48714 0.0243056 0.031893 0.829601
