0 0.00675154 0.251029 0.0135031 0.0380658 0.503862
0 0.813657 0.768261 0.0300926 0.0313786 0.627536
0 0.0904707 0.752315 0.0204475 0.0324074 0.645915
0 0.0999228 0.989198 0.0262346 0.0216049 0.709343
0 0.121914 0.925412 0.0277778 0.0329218 0.7113
0 0.161073 0.914095 0.0258488 0.031893 0.739872
0 0.132716 0.778549 0.0277778 0.0334362 0.749165
0 0.198688 0.615998 0.0308642 0.034465 0.751151
0 0.770062 0.0455247 0.0223765 0.0313786 0.75242
0 0.346451 0.409722 0.0223765 0.0272634 0.759166
0 0.0163966 0.652521 0.0189043 0.0324074 0.760866
0 0.73341 0.597737 0.0216049 0.031893 0.774264
0 0.487076 0.95216 0.0266204 0.0288066 0.776036
0 0.825617 0.929784 0.0262346 0.0354938 0.777035
0 0.542052 0.397377 0.0231481 0.0221193 0.779524
0 0.828511 0.334619 0.0181327 0.034465 0.78249
0 0.689043 0.645062 0.0185185 0.026749 0.787968
0 0.195023 0.798354 0.0243056 0.0277778 0.789494
0 0.404707 0.725051 0.0208333 0.0252058 0.79261
0 0.678627 0.520833 0.0169753 0.024177 0.792956
0 0.323495 0.323817 0.0158179 0.0324074 0.794083
0 0.370563 0.3107 0.0219907 0.0288066 0.796222
0 0.441551 0.573817 0.0196759 0.0324074 0.798465
0 0.357639 0.659722 0.0192901 0.0313786 0.798509
0 0.762731 0.494084 0.0239198 0.029321 0.798915
0 0.620756 0.202932 0.0239198 0.029321 0.806602
0 0.321181 0.78215 0.0165895 0.0334362 0.807812
0 0.501929 0.627829 0.0208333 0.029321 0.818184
0 0.734761 0.764146 0.023534 0.0324074 0.828512
0 0.32581 0.897119 0.0250772 0.0308642 0.829191
0 0.300926 0.653549 0.0246914 0.0324074 0.836378
0 0.409336 0.642747 0.0216049 0.0334362 0.859782
