0 0.564429 0.0625 0.00848765 0.0108025 0.510306
0 0.243056 0.300669 0.00848765 0.0118313 0.51647
0 0.368056 0.768776 0.0115741 0.0169753 0.532273
0 0.458912 0.0617284 0.00810185 0.0113169 0.568436
0 0.14294 0.993056 0.0181327 0.0128601 0.572962
0 0.594329 0.606224 0.00887346 0.0108025 0.612307
0 0.22473 0.102109 0.0111883 0.0128601 0.616019
0 0.235532 0.121142 0.00887346 0.0138889 0.625875
0 0.817515 0.329733 0.0115741 0.0164609 0.62595
0 0.664545 0.715535 0.00964506 0.0133745 0.629838
0 0.339892 0.718621 0.0138889 0.0185185 0.635638
0 0.903935 0.791152 0.0123457 0.0154321 0.653344
0 0.752894 0.959362 0.0165895 0.0195473 0.665815
0 0.134838 0.322274 0.0150463 0.0169753 0.668729
0 0.837384 0.126286 0.0173611 0.024177 0.675237
0 0.958719 0.707305 0.0162037 0.0185185 0.688471
0 0.0806327 0.256173 0.0154321 0.0205761 0.689789
0 0.0588349 0.206276 0.0158179 0.0205761 0.690976
0 0.392747 0.63966 0.0154321 0.0210905 0.692339
0 0.111111 0.793467 0.0138889 0.0169753 0.706958
0 0.0192901 0.555298 0.0138889 0.0200617 0.709287
0 0.577546 0.090535 0.0169753 0.0226337 0.72184
0 0.0385802 0.132202 0.0177469 0.0226337 0.724885
0 0.138696 0.254887 0.0135031 0.0180041 0.726669
0 0.829475 0.890175 0.0146605 0.0180041 0.731351
0 0.176505 0.984311 0.00964506 0.0221193 0.732103
0 0.669946 0.484311 0.0111883 0.0324074 0.735208
0 0.283951 0.671296 0.0192901 0.0298354 0.740523
0 0.110918 0.745113 0.0119599 0.0159465 0.742243
0 0.571181 0.856739 0.0127315 0.0303498 0.750793
0 0.271219 0.0823045 0.0162037 0.0164609 0.75333
0 0.389661 0.701389 0.0146605 0.0200617 0.753895
0 0.0285494 0.493056 0.0138889 0.0190329 0.757314
0 0.161651 0.888632 0.0154321 0.0190329 0.759219
0 0.0324074 0.0622428 0.0177469 0.0226337 0.759957
0 0.3125 0.972222 0.0146605 0.0236626 0.764186
0 0.372299 0.302212 0.0138889 0.0200617 0.772285
0 0.361111 0.403807 0.0146605 0.0216049 0.772557
0 0.139082 0.564815 0.0150463 0.0226337 0.777994
0 0.392554 0.0882202 0.0142747 0.0190329 0.785346
0 0.381559 0.794753 0.0115741 0.0133745 0.798664
0 0.768519 0.528035 0.0162037 0.0200617 0.822677
