0 0.862654 0.425412 0.0223765 0.0288066 0.658592
0 0.18615 0.402006 0.0150463 0.0221193 0.700993
0 0.654707 0.210391 0.0138889 0.0195473 0.701306
0 0.745563 0.51929 0.0165895 0.0200617 0.705386
0 0.647955 0.189043 0.0142747 0.0221193 0.718792
0 0.343364 0.657407 0.0162037 0.0216049 0.72007
0 0.21142 0.158693 0.0162037 0.024177 0.723921
0 0.715471 0.39249 0.0173611 0.0226337 0.731662
0 0.86902 0.859825 0.0189043 0.0252058 0.740716
0 0.173611 0.88143 0.0185185 0.024177 0.748084
0 0.101852 0.434671 0.0169753 0.0226337 0.755196
0 0.555941 0.438014 0.0208333 0.0252058 0.756534
0 0.540895 0.57999 0.0208333 0.0262346 0.761907
0 0.218364 0.393776 0.0185185 0.024177 0.77409
0 0.596258 0.601595 0.0173611 0.0252058 0.77753
0 0.605903 0.70499 0.0189043 0.0262346 0.780955
0 0.236111 0.910751 0.0185185 0.0252058 0.781497
0 0.762924 0.445216 0.0196759 0.0282922 0.781933
0 0.235918 0.53035 0.0158179 0.0216049 0.786922
0 0.898341 0.598765 0.0173611 0.0246914 0.801663
0 0.738619 0.880658 0.0250772 0.0462963 0.802968
0 0.634452 0.499743 0.0266204 0.0313786 0.831012
