0 0.475309 0.274434 0.0138889 0.0210905 0.5581
0 0.848573 0.923097 0.0173611 0.0272634 0.576531
0 0.98341 0.29964 0.0162037 0.0221193 0.584486
0 0.501543 0.439558 0.0339506 0.0406379 0.618618
0 0.595293 0.287037 0.0154321 0.0195473 0.636168
0 0.77662 0.586677 0.0154321 0.0221193 0.662273
0 0.188079 0.867798 0.0158179 0.0195473 0.669775
0 0.663387 0.408693 0.0204475 0.0262346 0.685855
0 0.471258 0.480195 0.0127315 0.0169753 0.699418
0 0.648534 0.416924 0.0138889 0.0252058 0.726354
0 0.155093 0.371399 0.0154321 0.0195473 0.729348
0 0.609954 0.347479 0.0185185 0.0252058 0.751699
0 0.428434 0.846451 0.0158179 0.0221193 0.751894
0 0.226466 0.675154 0.0185185 0.0262346 0.754061
0 0.987847 0.144805 0.0181327 0.0262346 0.759282
0 0.535108 0.0627572 0.0146605 0.0216049 0.763602
0 0.165702 0.480967 0.0173611 0.0257202 0.766023
0 0.470293 0.242541 0.0169753 0.0231481 0.776316
0 0.208719 0.236368 0.0162037 0.0231481 0.787727
0 0.652199 0.157665 0.0204475 0.0303498 0.818941
0 0.781829 0.470679 0.0189043 0.0257202 0.82384
