0 0.287616 0.496142 0.0219907 0.0262346 0.594718
0 0.347029 0.0372942 0.0135031 0.0190329 0.64329
0 0.218364 0.907665 0.0185185 0.0272634 0.698336
0 0.698302 0.542438 0.0123457 0.0231481 0.703041
0 0.597222 0.246142 0.0138889 0.0190329 0.710643
0 0.280478 0.183128 0.0169753 0.0216049 0.71511
0 0.9076 0.0146605 0.0181327 0.0252058 0.722053
0 0.270448 0.860854 0.0208333 0.024177 0.72813
0 0.553627 0.444959 0.0154321 0.0195473 0.739588
0 0.604938 0.9393 0.0169753 0.0216049 0.750954
0 0.539931 0.454475 0.0196759 0.0262346 0.755048
0 0.734568 0.532407 0.0154321 0.0236626 0.75961
0 0.467786 0.320988 0.0135031 0.0216049 0.760565
0 0.83912 0.862912 0.0231481 0.0303498 0.766821
0 0.54456 0.781379 0.0142747 0.0205761 0.772674
0 0.888117 0.0187757 0.0169753 0.0252058 0.776437
0 0.396991 0.100566 0.0177469 0.0231481 0.796976
0 0.18615 0.0987654 0.027392 0.0360082 0.809913
0 0.691551 0.368313 0.035108 0.0421811 0.823051
