0 0.862847 0.498714 0.0119599 0.0149177 0.519454
0 0.213349 0.944187 0.0617284 0.0838477 0.553453
0 0.550154 0.910751 0.0115741 0.0149177 0.593608
0 0.299576 0.391975 0.0158179 0.0226337 0.655274
0 0.330633 0.490484 0.0123457 0.0169753 0.674568
0 0.0135031 0.756944 0.0192901 0.024177 0.677539
0 0.774884 0.573045 0.0142747 0.0154321 0.724327
0 0.322531 0.899434 0.0115741 0.0180041 0.73022
0 0.429977 0.458076 0.0189043 0.0252058 0.739145
0 0.597029 0.362397 0.0181327 0.0231481 0.741149
0 0.755208 0.332305 0.0150463 0.0205761 0.743428
0 0.563079 0.847479 0.0135031 0.0190329 0.74607
0 0.684799 0.806842 0.0146605 0.0190329 0.747303
0 0.0424383 0.0938786 0.0138889 0.0200617 0.748562
0 0.0777392 0.595165 0.0165895 0.0246914 0.752761
0 0.475502 0.715535 0.0158179 0.0236626 0.753282
0 0.911073 0.0889918 0.0173611 0.0236626 0.755733
0 0.76466 0.259516 0.0169753 0.0210905 0.765519
0 0.0237269 0.528549 0.0142747 0.0221193 0.768066
0 0.0341435 0.802469 0.0158179 0.0205761 0.770878
0 0.0466821 0.0673868 0.0200617 0.0277778 0.776981
0 0.588156 0.580504 0.0173611 0.0272634 0.793455
0 0.311536 0.0625 0.0165895 0.0221193 0.826032
