0 0.86034 0.398663 0.0123457 0.0174897 0.554213
0 0.990548 0.793724 0.0189043 0.0411523 0.645402
0 0.347801 0.322016 0.00964506 0.0133745 0.690948
0 0.975887 0.741255 0.0258488 0.037037 0.709196
0 0.644676 0.178755 0.0154321 0.0210905 0.728236
0 0.255787 0.33179 0.0231481 0.0329218 0.738719
0 0.158179 0.531121 0.0246914 0.034465 0.748664
0 0.491512 0.430556 0.0177469 0.0236626 0.749651
0 0.888117 0.673611 0.025463 0.0396091 0.756664
0 0.737269 0.0643004 0.0393519 0.0504115 0.758002
0 0.700617 0.0131173 0.0277778 0.0262346 0.762357
0 0.974923 0.227109 0.0270062 0.034465 0.765494
0 0.0364583 0.666924 0.0281636 0.0334362 0.768478
0 0.913387 0.540381 0.0289352 0.0426955 0.780337
0 0.807099 0.118313 0.0246914 0.026749 0.782661
0 0.169367 0.128858 0.0246914 0.0334362 0.784849
0 0.234375 0.578704 0.0281636 0.0349794 0.785777
0 0.167438 0.610597 0.0246914 0.037037 0.791167
0 0.923418 0.964249 0.0258488 0.034465 0.793491
0 0.903356 0.48251 0.0343364 0.0432099 0.800268
0 0.542824 0.82716 0.0246914 0.0308642 0.80276
0 0.555556 0.307099 0.0216049 0.026749 0.808173
0 0.801119 0.870113 0.0304784 0.0396091 0.808187
0 0.417245 0.736625 0.0281636 0.0390946 0.810015
0 0.307677 0.628601 0.023534 0.0277778 0.814601
0 0.321566 0.227623 0.0243056 0.0282922 0.817412
0 0.835262 0.282922 0.0246914 0.0339506 0.822218
0 0.676698 0.202675 0.0277778 0.0401235 0.826542
0 0.11034 0.252829 0.0270062 0.034465 0.832264
