0 0.513889 0.555298 0.0324074 0.0313786 0.569173
0 0.593364 0.682356 0.0262346 0.0354938 0.721494
0 0.848765 0.0614712 0.0285494 0.0365226 0.726642
0 0.896219 0.978138 0.0262346 0.0354938 0.736918
0 0.939622 0.532407 0.0281636 0.0390946 0.757992
0 0.0854552 0.845165 0.0219907 0.0288066 0.768643
0 0.978974 0.820473 0.0266204 0.0339506 0.774877
0 0.736304 0.94213 0.0304784 0.0396091 0.798289
0 0.485918 0.690844 0.0204475 0.026749 0.806935
0 0.179205 0.67464 0.027392 0.0365226 0.808862
0 0.185185 0.368313 0.0216049 0.026749 0.810014
0 0.277778 0.56893 0.0246914 0.0360082 0.820106
0 0.300154 0.455504 0.0223765 0.0272634 0.829858
0 0.513117 0.53035 0.0223765 0.0298354 0.831837
0 0.201775 0.544753 0.0277778 0.0360082 0.832233
0 0.14564 0.208333 0.0289352 0.0380658 0.833472
0 0.36169 0.731481 0.0227623 0.0308642 0.842307
0 0.391782 0.53035 0.0227623 0.0421811 0.844889
