0 0.00655864 0.367541 0.0131173 0.0354938 0.626069
0 0.140239 0.285751 0.0135031 0.024177 0.651894
0 0.453125 0.988169 0.0219907 0.0236626 0.692528
0 0.413002 0.579733 0.0320216 0.0257202 0.738007
0 0.734182 0.938529 0.0285494 0.0313786 0.748844
0 0.94348 0.301183 0.0366512 0.0478395 0.76856
0 0.685957 0.0859054 0.0308642 0.037037 0.769144
0 0.637153 0.154835 0.0250772 0.0380658 0.780709
0 0.14294 0.697016 0.0204475 0.0257202 0.788058
0 0.118248 0.284979 0.023534 0.031893 0.788403
0 0.161073 0.960648 0.0250772 0.0447531 0.795079
0 0.842785 0.290381 0.0250772 0.0324074 0.809029
0 0.401042 0.307613 0.0219907 0.0308642 0.814739
0 0.0696373 0.853138 0.0304784 0.0365226 0.822749
0 0.502122 0.71785 0.0304784 0.0426955 0.825806
0 0.166667 0.488169 0.0308642 0.0390946 0.830747
